{
 "cells": [
  {
   "cell_type": "code",
   "execution_count": 12,
   "metadata": {
    "collapsed": true
   },
   "outputs": [],
   "source": [
    "import numpy as np"
   ]
  },
  {
   "cell_type": "heading",
   "metadata": {},
   "level": 1,
   "source": [
    "1-D"
   ]
  },
  {
   "cell_type": "markdown",
   "metadata": {},
   "source": [
    "Let's pretend we're looking at the output of the neural network or the activation of last layer.\n",
    "We have 5 different numbers that represent 5 different nodes at the output layer"
   ]
  },
  {
   "cell_type": "code",
   "execution_count": 13,
   "metadata": {},
   "outputs": [
    {
     "data": {
      "text/plain": [
       "array([0.15392532, 0.91507277, 0.64078832, 0.5024887 , 0.7347537 ])"
      ]
     },
     "execution_count": 13,
     "metadata": {},
     "output_type": "execute_result"
    }
   ],
   "source": [
    "a = np.random.rand(5)\n",
    "a"
   ]
  },
  {
   "cell_type": "markdown",
   "metadata": {},
   "source": [
    "First step is to exponentiate them so they're all positive"
   ]
  },
  {
   "cell_type": "code",
   "execution_count": 14,
   "metadata": {},
   "outputs": [
    {
     "data": {
      "text/plain": [
       "array([1.16640378, 2.49695695, 1.8979765 , 1.65282956, 2.08496841])"
      ]
     },
     "execution_count": 14,
     "metadata": {},
     "output_type": "execute_result"
    }
   ],
   "source": [
    "exp_a = np.exp(a)\n",
    "exp_a"
   ]
  },
  {
   "cell_type": "markdown",
   "metadata": {},
   "source": [
    "Now sum of answer should be equal to 1"
   ]
  },
  {
   "cell_type": "code",
   "execution_count": 15,
   "metadata": {},
   "outputs": [
    {
     "data": {
      "text/plain": [
       "1.0"
      ]
     },
     "execution_count": 15,
     "metadata": {},
     "output_type": "execute_result"
    }
   ],
   "source": [
    "answer = exp_a / exp_a.sum()\n",
    "answer.sum()"
   ]
  },
  {
   "cell_type": "heading",
   "metadata": {},
   "level": 1,
   "source": [
    "2-D"
   ]
  },
  {
   "cell_type": "markdown",
   "metadata": {},
   "source": [
    "Lately we're going to work with multiple samples at the same time.\n",
    "This mean we won't have 1-D array of length 5 but 2-D array of size (N,5)"
   ]
  },
  {
   "cell_type": "code",
   "execution_count": 16,
   "metadata": {},
   "outputs": [
    {
     "data": {
      "text/plain": [
       "array([[0.12086773, 0.70742444, 0.96899696, 0.02338244, 0.0560488 ],\n       [0.32379984, 0.99908242, 0.7947827 , 0.69337649, 0.29109479],\n       [0.28431641, 0.65884824, 0.61278831, 0.26222079, 0.26901642],\n       [0.57393002, 0.43170681, 0.1393481 , 0.16911432, 0.32904821],\n       [0.50446287, 0.25693321, 0.26311756, 0.34353821, 0.93918489]])"
      ]
     },
     "execution_count": 16,
     "metadata": {},
     "output_type": "execute_result"
    }
   ],
   "source": [
    "A = np.random.rand(100, 5)\n",
    "A[:5]"
   ]
  },
  {
   "cell_type": "code",
   "execution_count": 17,
   "metadata": {},
   "outputs": [
    {
     "data": {
      "text/plain": [
       "array([[1.12847564, 2.02875933, 2.63529983, 1.02365795, 1.0576493 ],\n       [1.38237058, 2.71578874, 2.21395986, 2.00045867, 1.33789139],\n       [1.32885333, 1.9325652 , 1.84557024, 1.2998135 , 1.30867663],\n       [1.77523004, 1.53988358, 1.14952418, 1.18425551, 1.38964486],\n       [1.65609575, 1.29295877, 1.30097965, 1.4099274 , 2.55789561]])"
      ]
     },
     "execution_count": 17,
     "metadata": {},
     "output_type": "execute_result"
    }
   ],
   "source": [
    "exp_A = np.exp(A)\n",
    "exp_A[:5]"
   ]
  },
  {
   "cell_type": "markdown",
   "metadata": {},
   "source": [
    "axis = 1 because we want to sum by rows\n",
    "keepdims = True otherwise errors will be thrown (dimensions won't match)"
   ]
  },
  {
   "cell_type": "code",
   "execution_count": 18,
   "metadata": {},
   "outputs": [
    {
     "data": {
      "text/plain": [
       "array([[0.14331957, 0.25765812, 0.33469046, 0.13000743, 0.13432442],\n       [0.14324387, 0.2814152 , 0.22941474, 0.20729134, 0.13863485],\n       [0.17223213, 0.25047897, 0.23920359, 0.16846828, 0.16961703],\n       [0.25221573, 0.21877889, 0.1633186 , 0.16825305, 0.19743373],\n       [0.20152404, 0.15733527, 0.1583113 , 0.17156874, 0.31126066]])"
      ]
     },
     "execution_count": 18,
     "metadata": {},
     "output_type": "execute_result"
    }
   ],
   "source": [
    "answer_A = exp_A / exp_A.sum(axis=1, keepdims=True)\n",
    "answer_A[:5]"
   ]
  },
  {
   "cell_type": "code",
   "execution_count": 19,
   "metadata": {},
   "outputs": [
    {
     "data": {
      "text/plain": [
       "array([1., 1., 1., 1., 1., 1., 1., 1., 1., 1., 1., 1., 1., 1., 1., 1., 1.,\n       1., 1., 1., 1., 1., 1., 1., 1., 1., 1., 1., 1., 1., 1., 1., 1., 1.,\n       1., 1., 1., 1., 1., 1., 1., 1., 1., 1., 1., 1., 1., 1., 1., 1., 1.,\n       1., 1., 1., 1., 1., 1., 1., 1., 1., 1., 1., 1., 1., 1., 1., 1., 1.,\n       1., 1., 1., 1., 1., 1., 1., 1., 1., 1., 1., 1., 1., 1., 1., 1., 1.,\n       1., 1., 1., 1., 1., 1., 1., 1., 1., 1., 1., 1., 1., 1., 1.])"
      ]
     },
     "execution_count": 19,
     "metadata": {},
     "output_type": "execute_result"
    }
   ],
   "source": [
    "answer_A.sum(axis=1)"
   ]
  },
  {
   "cell_type": "markdown",
   "metadata": {},
   "source": [
    "Check what denominator gives you"
   ]
  },
  {
   "cell_type": "code",
   "execution_count": 21,
   "metadata": {},
   "outputs": [
    {
     "name": "stdout",
     "output_type": "stream",
     "text": [
      "(100, 1)\n"
     ]
    },
    {
     "data": {
      "text/plain": [
       "array([[1.],\n       [1.],\n       [1.],\n       [1.],\n       [1.]])"
      ]
     },
     "execution_count": 21,
     "metadata": {},
     "output_type": "execute_result"
    }
   ],
   "source": [
    "denominator = answer_A.sum(axis=1, keepdims=True)\n",
    "print(denominator.shape)\n",
    "denominator[:5]"
   ]
  },
  {
   "cell_type": "code",
   "execution_count": 21,
   "metadata": {},
   "outputs": [],
   "source": []
  },
  {
   "cell_type": "code",
   "execution_count": 11,
   "metadata": {},
   "outputs": [],
   "source": []
  },
  {
   "cell_type": "code",
   "execution_count": null,
   "metadata": {},
   "outputs": [],
   "source": []
  }
 ],
 "metadata": {
  "kernelspec": {
   "display_name": "Python 2",
   "language": "python",
   "name": "python2"
  },
  "language_info": {
   "codemirror_mode": {
    "name": "ipython",
    "version": 2
   },
   "file_extension": ".py",
   "mimetype": "text/x-python",
   "name": "python",
   "nbconvert_exporter": "python",
   "pygments_lexer": "ipython2",
   "version": "2.7.6"
  }
 },
 "nbformat": 4,
 "nbformat_minor": 0
}
